81
H1N1pdm09_Cali09 0.0000000 0.0030634 0.0053834 0.0032947 0.0051588 0.0028331 0.0036040 0.0032174 0.0054612 0.0036813 0.0063200 0.0036033 0.0068663 0.0024481 0.0045318 0.0035270 0.0039155 0.0040697 0.0041470 0.0036043 0.0050748 0.0031411 0.0045337 0.0040697 0.0053887 0.0030634 0.0057033 0.0024481 0.0030664 0.0028328 0.0041511 0.0031406 0.0046864 0.0028327 0.0035280 0.0035270 0.0046897 0.0029868 0.0046127 0.0026799 0.0035293 0.0030635 0.0046076 0.0029867 0.0043029 0.0028328 0.0031419 0.0030643 0.0053887 0.0030640 0.0046146 0.0029871 0.0044585 0.0029863 0.0034489 0.0029878 0.0029869 0.0037589 0.0035276 0.0029862 0.0052306 0.0030634 0.0048437 0.0031404 0.0036813 0.0026018 0.0050044 0.0029104 0.0042254 0.0029104 0.0032215 0.0051504 0.0031404 0.0061778 0.0028332 0.0046963 0.0029867 0.0035273 0.0030643 0.0056195 0.0041477 
3-7|C            0.0030634 0.0000000 0.0024474 0.0020636 0.0039172 0.0016040 0.0023712 0.0019868 0.0042200 0.0024481 0.0049191 0.0033722 0.0065554 0.0012210 0.0033721 0.0033724 0.0038385 0.0028341 0.0029110 0.0034496 0.0049191 0.0019106 0.0032961 0.0028341 0.0041467 0.0018335 0.0044592 0.0012210 0.0018353 0.0016038 0.0029139 0.0029862 0.0045310 0.0017570 0.0024488 0.0033724 0.0046126 0.0017571 0.0033743 0.0026796 0.0035289 0.0018335 0.0033706 0.0017570 0.0030659 0.0016038 0.0019111 0.0018340 0.0041468 0.0030636 0.0046140 0.0003808 0.0018357 0.0029859 0.0034485 0.0019110 0.0016039 0.0023715 0.0021413 0.0016036 0.0039899 0.0018335 0.0036046 0.0019101 0.0024481 0.0013740 0.0037633 0.0018340 0.0031429 0.0018340 0.0021430 0.0039108 0.0019101 0.0049300 0.0016041 0.0034559 0.0017570 0.0022947 0.0018340 0.0043770 0.0030656 
3-7|M1           0.0053834 0.0024474 0.0000000 0.0043749 0.0062474 0.0039117 0.0046855 0.0042972 0.0065492 0.0047631 0.0072553 0.0056953 0.0089074 0.0035251 0.0056950 0.0056955 0.0061673 0.0051535 0.0052311 0.0057735 0.0072553 0.0042209 0.0056191 0.0051535 0.0064774 0.0041426 0.0067939 0.0035251 0.0041467 0.0039114 0.0051617 0.0053055 0.0068636 0.0040657 0.0047645 0.0056955 0.0069479 0.0040659 0.0056987 0.0049972 0.0058548 0.0041428 0.0056925 0.0040658 0.0053878 0.0039114 0.0042220 0.0041439 0.0064775 0.0053838 0.0069500 0.0028324 0.0043024 0.0053049 0.0057717 0.0042219 0.0039116 0.0046862 0.0044542 0.0039107 0.0063182 0.0041426 0.0059302 0.0042200 0.0047631 0.0036794 0.0059369 0.0041439 0.0054654 0.0041439 0.0044576 0.0062373 0.0042199 0.0072713 0.0039119 0.0057839 0.0040658 0.0046087 0.0041439 0.0067086 0.0053873 
3-24|C           0.0032947 0.0020636 0.0043749 0.0000000 0.0018365 0.0013743 0.0021408 0.0017568 0.0039881 0.0022176 0.0048415 0.0036803 0.0068668 0.0014506 0.0036037 0.0036040 0.0040707 0.0026032 0.0026801 0.0036814 0.0051522 0.0016806 0.0032189 0.0026032 0.0039147 0.0016036 0.0042267 0.0014506 0.0020657 0.0013741 0.0026827 0.0032175 0.0047637 0.0019871 0.0026797 0.0036040 0.0048455 0.0015272 0.0031429 0.0029106 0.0037608 0.0020637 0.0036021 0.0015272 0.0028348 0.0013741 0.0016810 0.0020643 0.0043792 0.0032949 0.0048470 0.0019874 0.0034522 0.0032171 0.0036802 0.0016810 0.0019873 0.0027561 0.0025256 0.0019868 0.0023719 0.0016036 0.0033731 0.0016802 0.0022177 0.0016038 0.0039956 0.0020643 0.0033745 0.0020643 0.0023737 0.0036791 0.0016802 0.0046969 0.0013743 0.0032241 0.0015272 0.0020643 0.0020643 0.0046095 0.0032971 
3-24|M1          0.0051588 0.0039172 0.0062474 0.0018365 0.0000000 0.0032224 0.0038389 0.0036077 0.0056991 0.0040729 0.0067187 0.0055476 0.0087626 0.0032991 0.0054706 0.0054711 0.0057845 0.0044626 0.0045400 0.0053936 0.0068756 0.0033752 0.0050832 0.0044626 0.0057851 0.0034532 0.0059420 0.0032991 0.0039210 0.0032221 0.0043873 0.0050809 0.0064810 0.0038402 0.0043823 0.0054711 0.0065649 0.0033765 0.0048495 0.0047722 0.0054721 0.0039173 0.0054682 0.0033764 0.0046965 0.0032221 0.0033761 0.0039184 0.0060947 0.0051592 0.0067263 0.0038408 0.0051614 0.0050803 0.0055474 0.0033760 0.0038405 0.0044589 0.0042269 0.0038396 0.0039174 0.0034532 0.0050807 0.0035305 0.0039163 0.0034535 0.0057097 0.0039184 0.0050828 0.0039184 0.0040752 0.0055458 0.0035304 0.0065769 0.0032225 0.0049334 0.0033763 0.0037621 0.0039184 0.0063260 0.0050048 
6-28|C           0.0028331 0.0016040 0.0039117 0.0013743 0.0032224 0.0000000 0.0008392 0.0011447 0.0033714 0.0017576 0.0043775 0.0032181 0.0063996 0.0009919 0.0031415 0.0031418 0.0036075 0.0021424 0.0022192 0.0032190 0.0046876 0.0010685 0.0026033 0.0021424 0.0034518 0.0009918 0.0036085 0.0009919 0.0016055 0.0009155 0.0022213 0.0027560 0.0042998 0.0015275 0.0022188 0.0031418 0.0043811 0.0010683 0.0026811 0.0024494 0.0032981 0.0016040 0.0031401 0.0010683 0.0023735 0.0009155 0.0012217 0.0016045 0.0039156 0.0028333 0.0043825 0.0015278 0.0029899 0.0027557 0.0032180 0.0012217 0.0015277 0.0022952 0.0020650 0.0015273 0.0034503 0.0009918 0.0027572 0.0010682 0.0016044 0.0011448 0.0035322 0.0016045 0.0029124 0.0016045 0.0019130 0.0030631 0.0010682 0.0040771 0.0001523 0.0019912 0.0002285 0.0007629 0.0016045 0.0041458 0.0028351 
6-28|M1          0.0036040 0.0023712 0.0046855 0.0021408 0.0038389 0.0008392 0.0000000 0.0019105 0.0039872 0.0025254 0.0051529 0.0039901 0.0071809 0.0017574 0.0037589 0.0039137 0.0042245 0.0029117 0.0029887 0.0039912 0.0054639 0.0016802 0.0030655 0.0029117 0.0040702 0.0017572 0.0039162 0.0017574 0.0022198 0.0016808 0.0028361 0.0035266 0.0049175 0.0022946 0.0028329 0.0039137 0.0049995 0.0018341 0.0032963 0.0032195 0.0039145 0.0023712 0.0039116 0.0018341 0.0031436 0.0016808 0.0018339 0.0023719 0.0045330 0.0036042 0.0051587 0.0022950 0.0034514 0.0035262 0.0038354 0.0016806 0.0022948 0.0029093 0.0025250 0.0022943 0.0040665 0.0017572 0.0032181 0.0018339 0.0019103 0.0019107 0.0039946 0.0023719 0.0035280 0.0023719 0.0025269 0.0038343 0.0018338 0.0046979 0.0009921 0.0023756 0.0006094 0.0008381 0.0023719 0.0044536 0.0034505 
6-24|C           0.0032174 0.0019868 0.0042972 0.0017568 0.0036077 0.0011447 0.0019105 0.0000000 0.0025243 0.0021407 0.0047637 0.0036029 0.0067882 0.0013740 0.0035263 0.0035266 0.0039931 0.0025261 0.0026030 0.0036039 0.0050742 0.0002285 0.0017581 0.0025261 0.0038371 0.0001523 0.0027594 0.0013740 0.0019887 0.0012975 0.0026055 0.0031402 0.0046859 0.0019103 0.0026026 0.0035266 0.0047676 0.0014506 0.0030656 0.0028334 0.0036833 0.0019869 0.0035247 0.0014506 0.0027576 0.0012975 0.0016043 0.0019874 0.0043015 0.0032177 0.0047691 0.0019106 0.0033748 0.0031399 0.0036028 0.0016042 0.0019105 0.0026790 0.0024486 0.0019100 0.0036810 0.0001523 0.0019115 0.0002285 0.0007618 0.0015271 0.0039179 0.0019874 0.0032971 0.0019874 0.0022966 0.0022170 0.0002285 0.0032256 0.0011447 0.0029924 0.0012975 0.0018341 0.0019874 0.0045318 0.0032197 
6-24|M1          0.0054612 0.0042200 0.0065492 0.0039881 0.0056991 0.0033714 0.0039872 0.0025243 0.0000000 0.0043757 0.0070204 0.0058498 0.0090632 0.0036023 0.0057728 0.0057734 0.0060867 0.0047654 0.0048428 0.0058514 0.0073335 0.0022934 0.0039912 0.0047654 0.0060873 0.0023707 0.0048450 0.0036023 0.0042241 0.0035253 0.0046903 0.0053832 0.0067826 0.0039886 0.0045301 0.0057734 0.0068667 0.0036796 0.0051520 0.0050748 0.0057744 0.0042201 0.0057703 0.0036795 0.0049992 0.0035253 0.0036792 0.0042213 0.0063967 0.0054616 0.0070283 0.0041437 0.0054639 0.0053826 0.0058495 0.0036791 0.0041434 0.0047615 0.0045296 0.0041425 0.0057709 0.0023707 0.0038348 0.0024475 0.0028315 0.0037566 0.0060121 0.0040667 0.0052301 0.0040667 0.0042234 0.0044522 0.0024475 0.0054749 0.0033715 0.0050809 0.0035252 0.0039105 0.0042213 0.0066277 0.0053072 
3-13|C           0.0036813 0.0024481 0.0047631 0.0022176 0.0040729 0.0017576 0.0025254 0.0021407 0.0043757 0.0000000 0.0027557 0.0040675 0.0072594 0.0018341 0.0039908 0.0038366 0.0043040 0.0029888 0.0030658 0.0040686 0.0055418 0.0020645 0.0036055 0.0029888 0.0041477 0.0019873 0.0046152 0.0018341 0.0024505 0.0011447 0.0024519 0.0036039 0.0051527 0.0023715 0.0030653 0.0038366 0.0050797 0.0019108 0.0033751 0.0032967 0.0041485 0.0022945 0.0038346 0.0012976 0.0027578 0.0011447 0.0014513 0.0024488 0.0047678 0.0036815 0.0052366 0.0023718 0.0038394 0.0036035 0.0040673 0.0016044 0.0023717 0.0031418 0.0029110 0.0023711 0.0043006 0.0019873 0.0037599 0.0020640 0.0026024 0.0019875 0.0043838 0.0024488 0.0037614 0.0024488 0.0027591 0.0040662 0.0020640 0.0050867 0.0017577 0.0036113 0.0019108 0.0024489 0.0024488 0.0049983 0.0036839 
3-13|M1          0.0063200 0.0049191 0.0072553 0.0048415 0.0067187 0.0043775 0.0051529 0.0047637 0.0070204 0.0027557 0.0000000 0.0067100 0.0099358 0.0044543 0.0066329 0.0064775 0.0069515 0.0056222 0.0056998 0.0067118 0.0081993 0.0046873 0.0062446 0.0056222 0.0067927 0.0046088 0.0072663 0.0044543 0.0050791 0.0037579 0.0050820 0.0062418 0.0078060 0.0049971 0.0056990 0.0064775 0.0077347 0.0045319 0.0060128 0.0059326 0.0067940 0.0049193 0.0064740 0.0039123 0.0053890 0.0037579 0.0040683 0.0050758 0.0074189 0.0063205 0.0078938 0.0048428 0.0063261 0.0062411 0.0067097 0.0042229 0.0049975 0.0057757 0.0055429 0.0049964 0.0069460 0.0046088 0.0064004 0.0046863 0.0052307 0.0046092 0.0068770 0.0050758 0.0064030 0.0050758 0.0053915 0.0067078 0.0046862 0.0077463 0.0043777 0.0062545 0.0045318 0.0050760 0.0050758 0.0076506 0.0063245 
3-20|C           0.0036033 0.0033722 0.0056953 0.0036803 0.0055476 0.0032181 0.0039901 0.0036029 0.0058498 0.0040675 0.0067100 0.0000000 0.0033720 0.0028325 0.0049192 0.0039131 0.0043806 0.0044567 0.0045341 0.0039905 0.0053077 0.0035266 0.0049213 0.0044567 0.0057775 0.0034487 0.0060929 0.0028325 0.0034520 0.0032179 0.0045386 0.0035260 0.0050740 0.0032177 0.0039142 0.0039131 0.0051562 0.0033720 0.0050005 0.0032189 0.0040703 0.0034488 0.0048401 0.0033720 0.0046903 0.0032179 0.0035275 0.0034498 0.0056221 0.0036036 0.0051578 0.0032959 0.0047694 0.0035256 0.0039892 0.0035274 0.0033722 0.0041453 0.0039137 0.0033714 0.0056190 0.0034487 0.0052317 0.0035258 0.0040675 0.0029864 0.0052440 0.0032956 0.0046127 0.0032956 0.0036075 0.0055386 0.0035258 0.0064115 0.0032183 0.0050847 0.0033719 0.0039134 0.0034498 0.0060085 0.0046898 
3-20|M1          0.0068663 0.0065554 0.0089074 0.0068668 0.0087626 0.0063996 0.0071809 0.0067882 0.0090632 0.0072594 0.0099358 0.0033720 0.0000000 0.0060087 0.0081212 0.0071805 0.0076562 0.0076548 0.0077330 0.0072590 0.0085933 0.0067117 0.0081247 0.0076548 0.0089932 0.0066321 0.0093144 0.0060087 0.0066385 0.0063990 0.0077417 0.0067879 0.0083553 0.0063988 0.0071051 0.0071805 0.0084425 0.0065550 0.0082069 0.0064783 0.0073417 0.0066324 0.0080401 0.0065549 0.0078919 0.0063990 0.0067135 0.0066342 0.0088359 0.0068668 0.0084450 0.0064789 0.0079740 0.0066310 0.0071004 0.0067133 0.0065553 0.0073384 0.0071043 0.0065538 0.0088311 0.0066321 0.0084398 0.0067102 0.0072594 0.0061645 0.0083024 0.0064782 0.0078135 0.0064782 0.0067968 0.0087481 0.0067102 0.0096406 0.0063999 0.0082962 0.0065548 0.0069474 0.0066342 0.0092257 0.0078912 
4-11|C           0.0024481 0.0012210 0.0035251 0.0014506 0.0032991 0.0009919 0.0017574 0.0013740 0.0036023 0.0018341 0.0044543 0.0028325 0.0060087 0.0000000 0.0021410 0.0027562 0.0032208 0.0022189 0.0022957 0.0028333 0.0042996 0.0012978 0.0026799 0.0022189 0.0035285 0.0012210 0.0038399 0.0000010 0.0006094 0.0009918 0.0022980 0.0023711 0.0039124 0.0006856 0.0013747 0.0027562 0.0039932 0.0011447 0.0027578 0.0020648 0.0029120 0.0007618 0.0022936 0.0011447 0.0024501 0.0009918 0.0012981 0.0007618 0.0030656 0.0024482 0.0039945 0.0011448 0.0026043 0.0023708 0.0028324 0.0012981 0.0011447 0.0019110 0.0010686 0.0011445 0.0033724 0.0012210 0.0029878 0.0012975 0.0018341 0.0006094 0.0029912 0.0007618 0.0020656 0.0007618 0.0010694 0.0032937 0.0012975 0.0043091 0.0009919 0.0028384 0.0011446 0.0016809 0.0007618 0.0032954 0.0019887 
4-11|M1          0.0045318 0.0033721 0.0056950 0.0036037 0.0054706 0.0031415 0.0037589 0.0035263 0.0057728 0.0039908 0.0066329 0.0049192 0.0081212 0.0021410 0.0000000 0.0048428 0.0052331 0.0043799 0.0044573 0.0049205 0.0063982 0.0034499 0.0046894 0.0043799 0.0055449 0.0033720 0.0058599 0.0021410 0.0026045 0.0031413 0.0044617 0.0044541 0.0060078 0.0028329 0.0035282 0.0048428 0.0060910 0.0032954 0.0049236 0.0041463 0.0050011 0.0029097 0.0044531 0.0032953 0.0046134 0.0031413 0.0034509 0.0029105 0.0052337 0.0045321 0.0060929 0.0032958 0.0047692 0.0044536 0.0049190 0.0034508 0.0032955 0.0040685 0.0030652 0.0032948 0.0055421 0.0033720 0.0049995 0.0034492 0.0038363 0.0027560 0.0050052 0.0029105 0.0042257 0.0029105 0.0032217 0.0054617 0.0034491 0.0063348 0.0031417 0.0048522 0.0032953 0.0036822 0.0029105 0.0053090 0.0041480 
3-25|C           0.0035270 0.0033724 0.0056955 0.0036040 0.0054711 0.0031418 0.0039137 0.0035266 0.0057734 0.0038366 0.0064775 0.0039131 0.0071805 0.0027562 0.0048428 0.0000000 0.0004570 0.0043803 0.0044577 0.0039142 0.0053866 0.0034503 0.0048449 0.0043803 0.0055455 0.0033724 0.0060163 0.0027562 0.0033756 0.0031416 0.0044621 0.0034497 0.0049976 0.0031414 0.0038378 0.0000010 0.0012220 0.0032957 0.0047689 0.0031426 0.0039938 0.0032183 0.0047637 0.0032957 0.0046139 0.0031416 0.0034512 0.0030651 0.0053901 0.0034507 0.0050046 0.0032961 0.0047697 0.0034493 0.0039129 0.0034511 0.0032958 0.0040689 0.0038373 0.0032951 0.0053872 0.0033724 0.0051553 0.0034495 0.0039912 0.0029101 0.0053166 0.0032192 0.0045363 0.0032192 0.0035311 0.0054622 0.0034495 0.0064917 0.0031420 0.0050081 0.0032956 0.0038370 0.0030651 0.0056209 0.0043036 
3-25|M1          0.0039155 0.0038385 0.0061673 0.0040707 0.0057845 0.0036075 0.0042245 0.0039931 0.0060867 0.0043040 0.0069515 0.0043806 0.0076562 0.0032208 0.0052331 0.0004570 0.0000000 0.0048493 0.0049268 0.0043818 0.0058578 0.0037603 0.0053150 0.0048493 0.0060174 0.0038385 0.0063305 0.0032208 0.0038422 0.0036072 0.0047741 0.0039160 0.0053099 0.0036070 0.0041485 0.0004570 0.0013750 0.0037617 0.0050811 0.0036083 0.0043049 0.0036841 0.0052332 0.0037616 0.0050835 0.0036072 0.0037613 0.0035306 0.0057032 0.0039172 0.0054754 0.0037621 0.0050819 0.0039156 0.0043804 0.0036833 0.0037618 0.0043799 0.0041480 0.0037610 0.0057001 0.0038385 0.0054679 0.0039158 0.0043020 0.0033751 0.0056298 0.0036851 0.0048482 0.0036851 0.0038416 0.0059334 0.0039158 0.0069677 0.0036076 0.0053211 0.0037615 0.0041477 0.0035306 0.0059342 0.0046151 
3-29|C           0.0040697 0.0028341 0.0051535 0.0026032 0.0044626 0.0021424 0.0029117 0.0025261 0.0047654 0.0029888 0.0056222 0.0044567 0.0076548 0.0022189 0.0043799 0.0043803 0.0048493 0.0000000 0.0002285 0.0043778 0.0058525 0.0024498 0.0039940 0.0000010 0.0014508 0.0023724 0.0050060 0.0022189 0.0028369 0.0021422 0.0034567 0.0039922 0.0055440 0.0027574 0.0034528 0.0043803 0.0056268 0.0022958 0.0039179 0.0036845 0.0045381 0.0028342 0.0043779 0.0022958 0.0036087 0.0021422 0.0024504 0.0028350 0.0051586 0.0040700 0.0056285 0.0027578 0.0042285 0.0039917 0.0044565 0.0024504 0.0027576 0.0035293 0.0032981 0.0027570 0.0046903 0.0023724 0.0041487 0.0024493 0.0029888 0.0023726 0.0047742 0.0028350 0.0041504 0.0028350 0.0031462 0.0044553 0.0024492 0.0054787 0.0021425 0.0040004 0.0022958 0.0028351 0.0028350 0.0053894 0.0040726 
3-29|M1          0.0041470 0.0029110 0.0052311 0.0026801 0.0045400 0.0022192 0.0029887 0.0026030 0.0048428 0.0030658 0.0056998 0.0045341 0.0077330 0.0022957 0.0044573 0.0044577 0.0049268 0.0002285 0.0000000 0.0044551 0.0059302 0.0025267 0.0040713 0.0002285 0.0015273 0.0024492 0.0050836 0.0022957 0.0029139 0.0022190 0.0035339 0.0040694 0.0056217 0.0028343 0.0035299 0.0044577 0.0057045 0.0023726 0.0039952 0.0037617 0.0046156 0.0029111 0.0044553 0.0023726 0.0036859 0.0022190 0.0025273 0.0029119 0.0052362 0.0041473 0.0057063 0.0028348 0.0043059 0.0040690 0.0045339 0.0025273 0.0028345 0.0036064 0.0033752 0.0028339 0.0047678 0.0024492 0.0042260 0.0025261 0.0030658 0.0024494 0.0048518 0.0029119 0.0042277 0.0029119 0.0032233 0.0045326 0.0025261 0.0055565 0.0022193 0.0040778 0.0023726 0.0029120 0.0029119 0.0054670 0.0041500 
3-10|C           0.0036043 0.0034496 0.0057735 0.0036814 0.0053936 0.0032190 0.0039912 0.0036039 0.0058514 0.0040686 0.0067118 0.0039905 0.0072590 0.0028333 0.0049205 0.0039142 0.0043818 0.0043778 0.0044551 0.0000000 0.0014505 0.0035276 0.0049227 0.0043778 0.0056978 0.0034496 0.0060945 0.0028333 0.0034530 0.0032188 0.0045398 0.0035270 0.0050754 0.0032186 0.0039152 0.0039142 0.0051576 0.0033730 0.0050019 0.0032198 0.0040714 0.0034497 0.0048413 0.0033729 0.0046916 0.0032188 0.0035285 0.0034507 0.0057792 0.0036046 0.0050016 0.0033733 0.0048475 0.0035266 0.0039903 0.0035284 0.0033731 0.0041464 0.0039148 0.0033723 0.0054651 0.0034496 0.0052331 0.0035268 0.0040687 0.0029873 0.0053946 0.0032965 0.0046140 0.0032965 0.0036085 0.0055401 0.0035268 0.0065702 0.0032192 0.0049321 0.0033728 0.0039144 0.0034507 0.0060102 0.0046911 
3-10|M1          0.0050748 0.0049191 0.0072553 0.0051522 0.0068756 0.0046876 0.0054639 0.0050742 0.0073335 0.0055418 0.0081993 0.0053077 0.0085933 0.0042996 0.0063982 0.0053866 0.0058578 0.0058525 0.0059302 0.0014505 0.0000000 0.0049978 0.0064010 0.0058525 0.0071797 0.0049191 0.0075802 0.0042996 0.0049239 0.0046872 0.0060176 0.0049969 0.0065538 0.0046870 0.0053113 0.0053866 0.0066378 0.0048422 0.0064811 0.0046887 0.0055455 0.0049192 0.0063181 0.0048421 0.0061692 0.0046872 0.0049991 0.0049206 0.0072624 0.0050751 0.0064806 0.0048428 0.0063260 0.0049964 0.0054627 0.0049990 0.0048424 0.0056201 0.0053874 0.0048413 0.0069459 0.0049191 0.0067130 0.0049967 0.0055419 0.0044543 0.0068769 0.0047656 0.0060143 0.0047656 0.0050807 0.0070206 0.0049966 0.0080613 0.0046879 0.0064131 0.0048420 0.0053870 0.0049206 0.0074939 0.0061686 
6-22|C           0.0031411 0.0019106 0.0042209 0.0016806 0.0033752 0.0010685 0.0016802 0.0002285 0.0022934 0.0020645 0.0046873 0.0035266 0.0067117 0.0012978 0.0034499 0.0034503 0.0037603 0.0024498 0.0025267 0.0035276 0.0049978 0.0000000 0.0016819 0.0024498 0.0037607 0.0000761 0.0025278 0.0012978 0.0019124 0.0012213 0.0023741 0.0030639 0.0044526 0.0018340 0.0023714 0.0034503 0.0045340 0.0013744 0.0028338 0.0027571 0.0034509 0.0019106 0.0034484 0.0013743 0.0026812 0.0012213 0.0013742 0.0019112 0.0040685 0.0031413 0.0046926 0.0018343 0.0031427 0.0030636 0.0035264 0.0013742 0.0018342 0.0024478 0.0022176 0.0018338 0.0034488 0.0000761 0.0016811 0.0001523 0.0005332 0.0014509 0.0036851 0.0019112 0.0030651 0.0019112 0.0020657 0.0021408 0.0001523 0.0031491 0.0010685 0.0027605 0.0012213 0.0016038 0.0019112 0.0042986 0.0029878 
6-22|M1          0.0045337 0.0032961 0.0056191 0.0032189 0.0050832 0.0026033 0.0030655 0.0017581 0.0039912 0.0036055 0.0062446 0.0049213 0.0081247 0.0026799 0.0046894 0.0048449 0.0053150 0.0039940 0.0040713 0.0049227 0.0064010 0.0016819 0.0000000 0.0039940 0.0051576 0.0016048 0.0039202 0.0026799 0.0031449 0.0027570 0.0040753 0.0044560 0.0060104 0.0032192 0.0039160 0.0048449 0.0060937 0.0029109 0.0045370 0.0041481 0.0050033 0.0032961 0.0048423 0.0029109 0.0042272 0.0027570 0.0030661 0.0032971 0.0056247 0.0045341 0.0060956 0.0032198 0.0045381 0.0044556 0.0047660 0.0029119 0.0032195 0.0039925 0.0036065 0.0032188 0.0051555 0.0016048 0.0032213 0.0016815 0.0019122 0.0028338 0.0050845 0.0032971 0.0044578 0.0032971 0.0036092 0.0036820 0.0016815 0.0045451 0.0026035 0.0041550 0.0027569 0.0031430 0.0032971 0.0055444 0.0045370 
3-28|C           0.0040697 0.0028341 0.0051535 0.0026032 0.0044626 0.0021424 0.0029117 0.0025261 0.0047654 0.0029888 0.0056222 0.0044567 0.0076548 0.0022189 0.0043799 0.0043803 0.0048493 0.0000010 0.0002285 0.0043778 0.0058525 0.0024498 0.0039940 0.0000000 0.0014508 0.0023724 0.0050060 0.0022189 0.0028369 0.0021422 0.0034567 0.0039922 0.0055440 0.0027574 0.0034528 0.0043803 0.0056268 0.0022958 0.0039179 0.0036845 0.0045381 0.0028342 0.0043779 0.0022958 0.0036087 0.0021422 0.0024504 0.0028350 0.0051586 0.0040700 0.0056285 0.0027578 0.0042285 0.0039917 0.0044565 0.0024504 0.0027576 0.0035293 0.0032981 0.0027570 0.0046903 0.0023724 0.0041487 0.0024493 0.0029888 0.0023726 0.0047742 0.0028350 0.0041504 0.0028350 0.0031462 0.0044553 0.0024492 0.0054787 0.0021425 0.0040004 0.0022958 0.0028351 0.0028350 0.0053894 0.0040726 
3-28|M1          0.0053887 0.0041467 0.0064774 0.0039147 0.0057851 0.0034518 0.0040702 0.0038371 0.0060873 0.0041477 0.0067927 0.0057775 0.0089932 0.0035285 0.0055449 0.0055455 0.0060174 0.0014508 0.0015273 0.0056978 0.0071797 0.0037607 0.0051576 0.0014508 0.0000000 0.0036826 0.0061750 0.0035285 0.0039959 0.0034515 0.0047746 0.0053107 0.0068703 0.0040697 0.0047691 0.0055455 0.0067983 0.0036059 0.0050817 0.0050021 0.0058605 0.0039922 0.0055425 0.0036058 0.0049264 0.0034515 0.0037617 0.0041480 0.0064838 0.0053891 0.0069567 0.0040703 0.0055495 0.0053101 0.0057773 0.0037616 0.0040700 0.0048458 0.0044586 0.0040691 0.0060126 0.0036826 0.0053130 0.0037599 0.0041477 0.0036830 0.0059426 0.0041480 0.0054707 0.0041480 0.0044619 0.0057756 0.0037598 0.0066510 0.0034520 0.0051659 0.0036057 0.0039934 0.0041480 0.0065590 0.0053925 
6-18|C           0.0030634 0.0018335 0.0041426 0.0016036 0.0034532 0.0009918 0.0017572 0.0001523 0.0023707 0.0019873 0.0046088 0.0034487 0.0066321 0.0012210 0.0033720 0.0033724 0.0038385 0.0023724 0.0024492 0.0034496 0.0049191 0.0000761 0.0016048 0.0023724 0.0036826 0.0000000 0.0026054 0.0012210 0.0018353 0.0011446 0.0024516 0.0029862 0.0045310 0.0017570 0.0024488 0.0033724 0.0046125 0.0012975 0.0029115 0.0026795 0.0035289 0.0018335 0.0033705 0.0012975 0.0026037 0.0011446 0.0014511 0.0018340 0.0041467 0.0030636 0.0046140 0.0017573 0.0032205 0.0029859 0.0034485 0.0014511 0.0017571 0.0025252 0.0022949 0.0017567 0.0035267 0.0000010 0.0017581 0.0000761 0.0006094 0.0013740 0.0037632 0.0018340 0.0031429 0.0018340 0.0021429 0.0020636 0.0000761 0.0030711 0.0009918 0.0028382 0.0011445 0.0016808 0.0018340 0.0043769 0.0030656 
6-18|M1          0.0057033 0.0044592 0.0067939 0.0042267 0.0059420 0.0036085 0.0039162 0.0027594 0.0048450 0.0046152 0.0072663 0.0060929 0.0093144 0.0038399 0.0058599 0.0060163 0.0063305 0.0050060 0.0050836 0.0060945 0.0075802 0.0025278 0.0039202 0.0050060 0.0061750 0.0026054 0.0000000 0.0038399 0.0043084 0.0037628 0.0049308 0.0056252 0.0070278 0.0043820 0.0049252 0.0060163 0.0071123 0.0039174 0.0053935 0.0053162 0.0060174 0.0044593 0.0060131 0.0039174 0.0052404 0.0037628 0.0039170 0.0044605 0.0064850 0.0057037 0.0072744 0.0043827 0.0055504 0.0056246 0.0059367 0.0037623 0.0043824 0.0050019 0.0046144 0.0043814 0.0060137 0.0026054 0.0040731 0.0025284 0.0026050 0.0039946 0.0060996 0.0044605 0.0056273 0.0044605 0.0046179 0.0046918 0.0026824 0.0055616 0.0036087 0.0050112 0.0037626 0.0039941 0.0044605 0.0065601 0.0055491 
4-9|C            0.0024481 0.0012210 0.0035251 0.0014506 0.0032991 0.0009919 0.0017574 0.0013740 0.0036023 0.0018341 0.0044543 0.0028325 0.0060087 0.0000010 0.0021410 0.0027562 0.0032208 0.0022189 0.0022957 0.0028333 0.0042996 0.0012978 0.0026799 0.0022189 0.0035285 0.0012210 0.0038399 0.0000000 0.0006094 0.0009918 0.0022980 0.0023711 0.0039124 0.0006856 0.0013747 0.0027562 0.0039932 0.0011447 0.0027578 0.0020648 0.0029120 0.0007618 0.0022936 0.0011447 0.0024501 0.0009918 0.0012981 0.0007618 0.0030656 0.0024482 0.0039945 0.0011448 0.0026043 0.0023708 0.0028324 0.0012981 0.0011447 0.0019110 0.0010686 0.0011445 0.0033724 0.0012210 0.0029878 0.0012975 0.0018341 0.0006094 0.0029912 0.0007618 0.0020656 0.0007618 0.0010694 0.0032937 0.0012975 0.0043091 0.0009919 0.0028384 0.0011446 0.0016809 0.0007618 0.0032954 0.0019887 
4-9|M1           0.0030664 0.0018353 0.0041467 0.0020657 0.0039210 0.0016055 0.0022198 0.0019887 0.0042241 0.0024505 0.0050791 0.0034520 0.0066385 0.0006094 0.0026045 0.0033756 0.0038422 0.0028369 0.0029139 0.0034530 0.0049239 0.0019124 0.0031449 0.0028369 0.0039959 0.0018353 0.0043084 0.0006094 0.0000000 0.0016054 0.0029167 0.0029891 0.0045354 0.0012988 0.0019898 0.0033756 0.0046170 0.0017588 0.0033775 0.0026822 0.0035323 0.0013753 0.0029112 0.0017588 0.0030689 0.0016054 0.0019129 0.0013757 0.0036863 0.0030666 0.0046185 0.0017590 0.0032237 0.0029888 0.0034519 0.0019129 0.0017589 0.0025277 0.0013759 0.0017585 0.0039938 0.0018353 0.0034536 0.0019120 0.0022967 0.0012222 0.0034575 0.0013757 0.0026832 0.0013757 0.0016839 0.0039145 0.0019120 0.0047792 0.0016056 0.0033046 0.0017587 0.0021432 0.0013757 0.0037619 0.0026059 
2-20|C           0.0028328 0.0016038 0.0039114 0.0013741 0.0032221 0.0009155 0.0016808 0.0012975 0.0035253 0.0011447 0.0037579 0.0032179 0.0063990 0.0009918 0.0031413 0.0031416 0.0036072 0.0021422 0.0022190 0.0032188 0.0046872 0.0012213 0.0027570 0.0021422 0.0034515 0.0011446 0.0037628 0.0009918 0.0016054 0.0000000 0.0012997 0.0027558 0.0042994 0.0015274 0.0022186 0.0031416 0.0043807 0.0010683 0.0026809 0.0024492 0.0032978 0.0016039 0.0031399 0.0001523 0.0016052 0.0000010 0.0003046 0.0016043 0.0039153 0.0028330 0.0043821 0.0015276 0.0029897 0.0027555 0.0032177 0.0004570 0.0015275 0.0022950 0.0020648 0.0015272 0.0034500 0.0011446 0.0029109 0.0012210 0.0017575 0.0011447 0.0035319 0.0016043 0.0029121 0.0016043 0.0019128 0.0032168 0.0012210 0.0042318 0.0009155 0.0027615 0.0010682 0.0016044 0.0016043 0.0041454 0.0028349 
2-20|M1          0.0041511 0.0029139 0.0051617 0.0026827 0.0043873 0.0022213 0.0028361 0.0026055 0.0046903 0.0024519 0.0050820 0.0045386 0.0077417 0.0022980 0.0044617 0.0044621 0.0047741 0.0034567 0.0035339 0.0045398 0.0060176 0.0023741 0.0040753 0.0034567 0.0047746 0.0024516 0.0049308 0.0022980 0.0029167 0.0012997 0.0000000 0.0039965 0.0053919 0.0028371 0.0033773 0.0044621 0.0055518 0.0023750 0.0038425 0.0037655 0.0043859 0.0029140 0.0044597 0.0014530 0.0029163 0.0012997 0.0014528 0.0029148 0.0050835 0.0041514 0.0056346 0.0028375 0.0041532 0.0040730 0.0045384 0.0016061 0.0028373 0.0034539 0.0032226 0.0028367 0.0046152 0.0024516 0.0040733 0.0025286 0.0029133 0.0024518 0.0046990 0.0029148 0.0040750 0.0029148 0.0029124 0.0044604 0.0025286 0.0055620 0.0022215 0.0039249 0.0023749 0.0027595 0.0029148 0.0053144 0.0039973 
3-1|C            0.0031406 0.0029862 0.0053055 0.0032175 0.0050809 0.0027560 0.0035266 0.0031402 0.0053832 0.0036039 0.0062418 0.0035260 0.0067879 0.0023711 0.0044541 0.0034497 0.0039160 0.0039922 0.0040694 0.0035270 0.0049969 0.0030639 0.0044560 0.0039922 0.0053107 0.0029862 0.0056252 0.0023711 0.0029891 0.0027558 0.0039965 0.0000000 0.0016805 0.0027556 0.0034506 0.0034497 0.0046903 0.0029096 0.0045349 0.0027566 0.0034519 0.0029863 0.0045300 0.0029096 0.0042253 0.0027558 0.0030647 0.0029872 0.0053107 0.0031408 0.0045368 0.0029100 0.0043808 0.0030631 0.0035258 0.0030646 0.0029098 0.0036814 0.0034502 0.0029091 0.0051527 0.0029862 0.0046109 0.0030632 0.0036039 0.0023711 0.0047713 0.0028332 0.0041478 0.0028332 0.0031442 0.0050726 0.0030632 0.0060994 0.0027561 0.0046184 0.0029095 0.0034499 0.0029872 0.0055415 0.0042248 
3-1|M1           0.0046864 0.0045310 0.0068636 0.0047637 0.0064810 0.0042998 0.0049175 0.0046859 0.0067826 0.0051527 0.0078060 0.0050740 0.0083553 0.0039124 0.0060078 0.0049976 0.0053099 0.0055440 0.0056217 0.0050754 0.0065538 0.0044526 0.0060104 0.0055440 0.0068703 0.0045310 0.0070278 0.0039124 0.0045354 0.0042994 0.0053919 0.0016805 0.0000000 0.0042993 0.0048417 0.0049976 0.0060879 0.0044542 0.0059317 0.0043008 0.0048435 0.0045312 0.0060835 0.0044541 0.0057788 0.0042994 0.0044538 0.0045324 0.0067111 0.0046868 0.0060926 0.0044547 0.0057770 0.0046082 0.0050738 0.0044537 0.0044544 0.0050733 0.0047631 0.0044534 0.0065515 0.0045310 0.0060075 0.0046085 0.0049952 0.0039124 0.0061702 0.0043776 0.0055427 0.0043776 0.0045347 0.0066293 0.0046084 0.0076672 0.0043000 0.0060173 0.0044540 0.0048407 0.0045324 0.0069423 0.0056200 
2-32|C           0.0028327 0.0017570 0.0040657 0.0019871 0.0038402 0.0015275 0.0022946 0.0019103 0.0039886 0.0023715 0.0049971 0.0032177 0.0063988 0.0006856 0.0028329 0.0031414 0.0036070 0.0027574 0.0028343 0.0032186 0.0046870 0.0018340 0.0032192 0.0027574 0.0040697 0.0017570 0.0043820 0.0006856 0.0012988 0.0015274 0.0028371 0.0027556 0.0042993 0.0000000 0.0006856 0.0031414 0.0043805 0.0016806 0.0032974 0.0024491 0.0032977 0.0012975 0.0028317 0.0016806 0.0029891 0.0015274 0.0018345 0.0012979 0.0036058 0.0028329 0.0043819 0.0016808 0.0031437 0.0027553 0.0032176 0.0018345 0.0016807 0.0024485 0.0017578 0.0016803 0.0039130 0.0017570 0.0035277 0.0018336 0.0023715 0.0011446 0.0035317 0.0000761 0.0013754 0.0000761 0.0003808 0.0038339 0.0018336 0.0048527 0.0015276 0.0033789 0.0016805 0.0022181 0.0012979 0.0038358 0.0025267 
2-32|M1          0.0035280 0.0024488 0.0047645 0.0026797 0.0043823 0.0022188 0.0028329 0.0026026 0.0045301 0.0030653 0.0056990 0.0039142 0.0071051 0.0013747 0.0035282 0.0038378 0.0041485 0.0034528 0.0035299 0.0039152 0.0053113 0.0023714 0.0039160 0.0034528 0.0047691 0.0024488 0.0049252 0.0013747 0.0019898 0.0022186 0.0033773 0.0034506 0.0048417 0.0006856 0.0000000 0.0038378 0.0049236 0.0023723 0.0038381 0.0031434 0.0038385 0.0019879 0.0035266 0.0023722 0.0036854 0.0022186 0.0023720 0.0019885 0.0041471 0.0035282 0.0050827 0.0023726 0.0036842 0.0034503 0.0039140 0.0023720 0.0023724 0.0029872 0.0022951 0.0023718 0.0044546 0.0024488 0.0040687 0.0025257 0.0029100 0.0018346 0.0040733 0.0007631 0.0017587 0.0007631 0.0009164 0.0045319 0.0025257 0.0055557 0.0022189 0.0039205 0.0023722 0.0027563 0.0019885 0.0043773 0.0030658 
3-26|C           0.0035270 0.0033724 0.0056955 0.0036040 0.0054711 0.0031418 0.0039137 0.0035266 0.0057734 0.0038366 0.0064775 0.0039131 0.0071805 0.0027562 0.0048428 0.0000010 0.0004570 0.0043803 0.0044577 0.0039142 0.0053866 0.0034503 0.0048449 0.0043803 0.0055455 0.0033724 0.0060163 0.0027562 0.0033756 0.0031416 0.0044621 0.0034497 0.0049976 0.0031414 0.0038378 0.0000000 0.0012220 0.0032957 0.0047689 0.0031426 0.0039938 0.0032183 0.0047637 0.0032957 0.0046139 0.0031416 0.0034512 0.0030651 0.0053901 0.0034507 0.0050046 0.0032961 0.0047697 0.0034493 0.0039129 0.0034511 0.0032958 0.0040689 0.0038373 0.0032951 0.0053872 0.0033724 0.0051553 0.0034495 0.0039912 0.0029101 0.0053166 0.0032192 0.0045363 0.0032192 0.0035311 0.0054622 0.0034495 0.0064917 0.0031420 0.0050081 0.0032956 0.0038370 0.0030651 0.0056209 0.0043036 
3-26|M1          0.0046897 0.0046126 0.0069479 0.0048455 0.0065649 0.0043811 0.0049995 0.0047676 0.0068667 0.0050797 0.0077347 0.0051562 0.0084425 0.0039932 0.0060910 0.0012220 0.0013750 0.0056268 0.0057045 0.0051576 0.0066378 0.0045340 0.0060937 0.0056268 0.0067983 0.0046125 0.0071123 0.0039932 0.0046170 0.0043807 0.0055518 0.0046903 0.0060879 0.0043805 0.0049236 0.0012220 0.0000000 0.0045357 0.0058591 0.0043821 0.0050807 0.0044578 0.0060111 0.0045356 0.0058619 0.0043807 0.0045352 0.0042290 0.0064082 0.0046918 0.0062553 0.0045362 0.0058600 0.0046898 0.0051560 0.0044568 0.0045359 0.0051554 0.0049230 0.0045348 0.0064794 0.0046125 0.0062467 0.0046901 0.0050773 0.0041479 0.0064099 0.0044590 0.0056255 0.0044590 0.0046163 0.0067133 0.0046901 0.0077529 0.0043813 0.0061007 0.0045355 0.0049226 0.0042290 0.0066397 0.0053168 
2-21|C           0.0029868 0.0017571 0.0040659 0.0015272 0.0033765 0.0010683 0.0018341 0.0014506 0.0036796 0.0019108 0.0045319 0.0033720 0.0065550 0.0011447 0.0032954 0.0032957 0.0037617 0.0022958 0.0023726 0.0033730 0.0048422 0.0013744 0.0029109 0.0022958 0.0036059 0.0012975 0.0039174 0.0011447 0.0017588 0.0010683 0.0023750 0.0029096 0.0044542 0.0016806 0.0023723 0.0032957 0.0045357 0.0000000 0.0016051 0.0026030 0.0034522 0.0017571 0.0032939 0.0012212 0.0025271 0.0010683 0.0013747 0.0017576 0.0040699 0.0029870 0.0045371 0.0016809 0.0031439 0.0029093 0.0033719 0.0013747 0.0016807 0.0024487 0.0022184 0.0016804 0.0036043 0.0012975 0.0030650 0.0013741 0.0019108 0.0012977 0.0036864 0.0017576 0.0030662 0.0017576 0.0020664 0.0033709 0.0013740 0.0043868 0.0010684 0.0029157 0.0012212 0.0017577 0.0017576 0.0043001 0.0029889 
2-21|M1          0.0046127 0.0033743 0.0056987 0.0031429 0.0048495 0.0026811 0.0032963 0.0030656 0.0051520 0.0033751 0.0060128 0.0050005 0.0082069 0.0027578 0.0049236 0.0047689 0.0050811 0.0039179 0.0039952 0.0050019 0.0064811 0.0028338 0.0045370 0.0039179 0.0050817 0.0029115 0.0053935 0.0027578 0.0033775 0.0026809 0.0038425 0.0045349 0.0059317 0.0032974 0.0038381 0.0047689 0.0058591 0.0016051 0.0000000 0.0042269 0.0049250 0.0032201 0.0047664 0.0028348 0.0041511 0.0026809 0.0028346 0.0033753 0.0055461 0.0046130 0.0061755 0.0032979 0.0046150 0.0045345 0.0050003 0.0028345 0.0032977 0.0039147 0.0036832 0.0032969 0.0050771 0.0029115 0.0045348 0.0029885 0.0033735 0.0029118 0.0051616 0.0033753 0.0045367 0.0033753 0.0035314 0.0049989 0.0029885 0.0060260 0.0026813 0.0043870 0.0028348 0.0032196 0.0033753 0.0057770 0.0044588 
4-13|C           0.0026799 0.0026796 0.0049972 0.0029106 0.0047722 0.0024494 0.0032195 0.0028334 0.0050748 0.0032967 0.0059326 0.0032189 0.0064783 0.0020648 0.0041463 0.0031426 0.0036083 0.0036845 0.0037617 0.0032198 0.0046887 0.0027571 0.0041481 0.0036845 0.0050021 0.0026795 0.0053162 0.0020648 0.0026822 0.0024492 0.0037655 0.0027566 0.0043008 0.0024491 0.0031434 0.0031426 0.0043821 0.0026030 0.0042269 0.0000000 0.0008393 0.0026796 0.0040676 0.0026029 0.0039174 0.0024492 0.0027578 0.0026804 0.0050021 0.0011447 0.0026819 0.0026033 0.0040727 0.0013749 0.0018349 0.0027578 0.0026031 0.0033741 0.0031431 0.0026025 0.0048443 0.0026795 0.0044577 0.0027565 0.0032967 0.0022184 0.0046179 0.0025265 0.0038400 0.0025265 0.0028371 0.0047644 0.0027565 0.0057897 0.0024495 0.0043099 0.0026029 0.0031428 0.0026804 0.0052328 0.0039170 
4-13|M1          0.0035293 0.0035289 0.0058548 0.0037608 0.0054721 0.0032981 0.0039145 0.0036833 0.0057744 0.0041485 0.0067940 0.0040703 0.0073417 0.0029120 0.0050011 0.0039938 0.0043049 0.0045381 0.0046156 0.0040714 0.0055455 0.0034509 0.0050033 0.0045381 0.0058605 0.0035289 0.0060174 0.0029120 0.0035323 0.0032978 0.0043859 0.0034519 0.0048435 0.0032977 0.0038385 0.0039938 0.0050807 0.0034522 0.0049250 0.0008393 0.0000000 0.0035290 0.0049219 0.0034521 0.0047720 0.0032978 0.0034518 0.0035300 0.0057022 0.0019883 0.0033775 0.0034526 0.0047705 0.0022196 0.0026814 0.0034517 0.0034523 0.0040696 0.0038380 0.0034515 0.0055436 0.0035289 0.0051562 0.0036061 0.0039919 0.0030661 0.0053175 0.0033756 0.0045371 0.0033756 0.0035318 0.0056212 0.0036061 0.0066524 0.0032983 0.0050090 0.0034520 0.0038377 0.0035300 0.0059331 0.0046142 
3-22|C           0.0030635 0.0018335 0.0041428 0.0020637 0.0039173 0.0016040 0.0023712 0.0019869 0.0042201 0.0022945 0.0049193 0.0034488 0.0066324 0.0007618 0.0029097 0.0032183 0.0036841 0.0028342 0.0029111 0.0034497 0.0049192 0.0019106 0.0032961 0.0028342 0.0039922 0.0018335 0.0044593 0.0007618 0.0013753 0.0016039 0.0029140 0.0029863 0.0045312 0.0012975 0.0019879 0.0032183 0.0044578 0.0017571 0.0032201 0.0026796 0.0035290 0.0000000 0.0015269 0.0017571 0.0030660 0.0016039 0.0019111 0.0013743 0.0036828 0.0030637 0.0046141 0.0017573 0.0032206 0.0029860 0.0034486 0.0019111 0.0017572 0.0025253 0.0018343 0.0017568 0.0039900 0.0018335 0.0036047 0.0019102 0.0024482 0.0012210 0.0036088 0.0013743 0.0026806 0.0013743 0.0016823 0.0039109 0.0019102 0.0049302 0.0016041 0.0034560 0.0017571 0.0022948 0.0013743 0.0039128 0.0026035 
3-22|M1          0.0046076 0.0033706 0.0056925 0.0036021 0.0054682 0.0031401 0.0039116 0.0035247 0.0057703 0.0038346 0.0064740 0.0048401 0.0080401 0.0022936 0.0044531 0.0047637 0.0052332 0.0043779 0.0044553 0.0048413 0.0063181 0.0034484 0.0048423 0.0043779 0.0055425 0.0033705 0.0060131 0.0022936 0.0029112 0.0031399 0.0044597 0.0045300 0.0060835 0.0028317 0.0035266 0.0047637 0.0060111 0.0032939 0.0047664 0.0040676 0.0049219 0.0015269 0.0000000 0.0032939 0.0046114 0.0031399 0.0034493 0.0029092 0.0052314 0.0044532 0.0058572 0.0032943 0.0047671 0.0043748 0.0048398 0.0034492 0.0032941 0.0040667 0.0033720 0.0032933 0.0055396 0.0033705 0.0051525 0.0034476 0.0039890 0.0027548 0.0051583 0.0029092 0.0040691 0.0029092 0.0032203 0.0054592 0.0034476 0.0064882 0.0031403 0.0050054 0.0032938 0.0038349 0.0029092 0.0053067 0.0041461 
6-32|C           0.0029867 0.0017570 0.0040658 0.0015272 0.0033764 0.0010683 0.0018341 0.0014506 0.0036795 0.0012976 0.0039123 0.0033720 0.0065549 0.0011447 0.0032953 0.0032957 0.0037616 0.0022958 0.0023726 0.0033729 0.0048421 0.0013743 0.0029109 0.0022958 0.0036058 0.0012975 0.0039174 0.0011447 0.0017588 0.0001523 0.0014530 0.0029096 0.0044541 0.0016806 0.0023722 0.0032957 0.0045356 0.0012212 0.0028348 0.0026029 0.0034521 0.0017571 0.0032939 0.0000000 0.0014519 0.0001523 0.0004570 0.0017576 0.0040699 0.0029869 0.0045370 0.0016808 0.0031438 0.0029093 0.0033718 0.0006094 0.0016807 0.0024486 0.0022184 0.0016803 0.0036043 0.0012975 0.0030649 0.0013740 0.0019108 0.0012976 0.0036864 0.0017576 0.0030662 0.0017576 0.0020664 0.0033709 0.0013740 0.0043868 0.0010684 0.0029156 0.0012211 0.0017576 0.0017576 0.0043001 0.0029889 
6-32|M1          0.0043029 0.0030659 0.0053878 0.0028348 0.0046965 0.0023735 0.0031436 0.0027576 0.0049992 0.0027578 0.0053890 0.0046903 0.0078919 0.0024501 0.0046134 0.0046139 0.0050835 0.0036087 0.0036859 0.0046916 0.0061692 0.0026812 0.0042272 0.0036087 0.0049264 0.0026037 0.0052404 0.0024501 0.0030689 0.0016052 0.0029163 0.0042253 0.0057788 0.0029891 0.0036854 0.0046139 0.0058619 0.0025271 0.0041511 0.0039174 0.0047720 0.0030660 0.0046114 0.0014519 0.0000000 0.0016052 0.0019127 0.0030669 0.0053931 0.0043032 0.0058636 0.0029896 0.0044621 0.0042248 0.0046901 0.0019126 0.0029894 0.0037619 0.0035305 0.0029887 0.0049242 0.0026037 0.0043820 0.0026806 0.0032209 0.0026039 0.0050085 0.0030669 0.0042288 0.0030669 0.0033786 0.0046888 0.0026806 0.0057139 0.0023736 0.0042340 0.0025270 0.0030669 0.0030669 0.0056241 0.0043060 
2-18|C           0.0028328 0.0016038 0.0039114 0.0013741 0.0032221 0.0009155 0.0016808 0.0012975 0.0035253 0.0011447 0.0037579 0.0032179 0.0063990 0.0009918 0.0031413 0.0031416 0.0036072 0.0021422 0.0022190 0.0032188 0.0046872 0.0012213 0.0027570 0.0021422 0.0034515 0.0011446 0.0037628 0.0009918 0.0016054 0.0000010 0.0012997 0.0027558 0.0042994 0.0015274 0.0022186 0.0031416 0.0043807 0.0010683 0.0026809 0.0024492 0.0032978 0.0016039 0.0031399 0.0001523 0.0016052 0.0000000 0.0003046 0.0016043 0.0039153 0.0028330 0.0043821 0.0015276 0.0029897 0.0027555 0.0032177 0.0004570 0.0015275 0.0022950 0.0020648 0.0015272 0.0034500 0.0011446 0.0029109 0.0012210 0.0017575 0.0011447 0.0035319 0.0016043 0.0029121 0.0016043 0.0019128 0.0032168 0.0012210 0.0042318 0.0009155 0.0027615 0.0010682 0.0016044 0.0016043 0.0041454 0.0028349 
2-18|M1          0.0031419 0.0019111 0.0042220 0.0016810 0.0033761 0.0012217 0.0018339 0.0016043 0.0036792 0.0014513 0.0040683 0.0035275 0.0067135 0.0012981 0.0034509 0.0034512 0.0037613 0.0024504 0.0025273 0.0035285 0.0049991 0.0013742 0.0030661 0.0024504 0.0037617 0.0014511 0.0039170 0.0012981 0.0019129 0.0003046 0.0014528 0.0030647 0.0044538 0.0018345 0.0023720 0.0034512 0.0045352 0.0013747 0.0028346 0.0027578 0.0034518 0.0019111 0.0034493 0.0004570 0.0019127 0.0003046 0.0000000 0.0019117 0.0040695 0.0031422 0.0046938 0.0018348 0.0031435 0.0030644 0.0035274 0.0006094 0.0018347 0.0024484 0.0022182 0.0018343 0.0036040 0.0014511 0.0030646 0.0015277 0.0019107 0.0014512 0.0036861 0.0019117 0.0030659 0.0019117 0.0020662 0.0035264 0.0015277 0.0045436 0.0012218 0.0029154 0.0013747 0.0017575 0.0019117 0.0042997 0.0029886 
2-25|C           0.0030643 0.0018340 0.0041439 0.0020643 0.0039184 0.0016045 0.0023719 0.0019874 0.0042213 0.0024488 0.0050758 0.0034498 0.0066342 0.0007618 0.0029105 0.0030651 0.0035306 0.0028350 0.0029119 0.0034507 0.0049206 0.0019112 0.0032971 0.0028350 0.0041480 0.0018340 0.0044605 0.0007618 0.0013757 0.0016043 0.0029148 0.0029872 0.0045324 0.0012979 0.0019885 0.0030651 0.0042290 0.0017576 0.0033753 0.0026804 0.0035300 0.0013743 0.0029092 0.0017576 0.0030669 0.0016043 0.0019117 0.0000000 0.0022954 0.0030646 0.0046154 0.0017578 0.0032216 0.0029868 0.0034496 0.0019116 0.0017577 0.0025260 0.0018349 0.0017573 0.0039912 0.0018340 0.0036057 0.0019107 0.0024489 0.0012214 0.0036098 0.0013747 0.0026814 0.0013747 0.0016828 0.0039120 0.0019107 0.0049315 0.0016046 0.0034570 0.0017575 0.0022954 0.0000010 0.0025248 0.0012217 
